number_of_neurons:
21
input_index
0 1 2 3 4 5 6 7 
output_index
19 20 
number_of_layers
13
<layermap>
no_of_neurons
8
0 1 2 3 4 5 6 7 
next_layer
no_of_neurons
1
8 
next_layer
no_of_neurons
1
9 
next_layer
no_of_neurons
1
10 
next_layer
no_of_neurons
1
11 
next_layer
no_of_neurons
1
12 
next_layer
no_of_neurons
1
13 
next_layer
no_of_neurons
1
14 
next_layer
no_of_neurons
1
15 
next_layer
no_of_neurons
1
16 
next_layer
no_of_neurons
1
17 
next_layer
no_of_neurons
1
18 
next_layer
no_of_neurons
2
19 20 
</layermap>
<weights>
no_of_weights
0
---------
no_of_weights
0
---------
no_of_weights
0
---------
no_of_weights
0
---------
no_of_weights
0
---------
no_of_weights
0
---------
no_of_weights
0
---------
no_of_weights
0
---------
no_of_weights
19
0 -0.448616505
1 -1.097066045
2 0.954456091
3 -0.686100423
4 0.220494121
5 -0.321843058
6 0.278223395
7 0.817534089
9 0.295904011
10 0.030100074
11 0.714064300
12 -1.774967909
13 -0.093708828
14 6.680262566
15 -0.042302459
16 1.688227177
17 0.048940402
18 -8.212293625
19 0.098123185
---------
no_of_weights
19
0 -0.128621683
1 0.315899581
2 -0.873229265
3 -0.189380929
4 0.558172464
5 0.131831884
6 -0.852871299
7 0.091259740
8 0.141980425
10 -0.001464329
11 0.494707227
12 -0.247228190
13 -0.000769870
14 -0.586768508
15 0.015366073
16 0.492576092
17 -0.034199495
18 -0.408028662
19 -0.167555407
---------
no_of_weights
19
0 -0.154309273
1 0.120361947
2 0.103732079
3 0.017163403
4 0.098550409
5 -0.149804309
6 -0.134397596
7 -0.165889889
8 0.096242964
9 -0.007984214
11 0.043173421
12 0.129560232
13 0.008513050
14 -0.173117220
15 0.004544296
16 0.012402697
17 0.004712970
18 -0.280456513
19 -0.012468713
---------
no_of_weights
19
0 0.504017472
1 -0.116958186
2 0.568221331
3 1.094327450
4 -1.388714075
5 1.223409534
6 0.435525954
7 1.032108784
8 0.131991357
9 0.409666508
10 0.252349287
12 -1.218724608
13 -0.040459964
14 -4.054211617
15 0.021651920
16 0.844277084
17 -0.026994441
18 10.286407471
19 0.528382003
---------
no_of_weights
19
0 -0.719086051
1 -1.074765444
2 -0.263994217
3 -0.499402970
4 0.932627082
5 -0.781726062
6 0.089255355
7 0.600956261
8 -0.793202639
9 0.376398742
10 0.225119978
11 0.394717366
13 -0.193161234
14 10.984511375
15 -0.099762112
16 2.355646849
17 0.164037555
18 -1.635052443
19 1.088933468
---------
no_of_weights
19
0 0.169531718
1 -0.034336388
2 0.101429097
3 -0.179012910
4 -0.011850875
5 0.116811439
6 -0.328621686
7 -0.059432168
8 0.361044198
9 -0.164850891
10 0.032866910
11 -0.089324787
12 -0.177679688
14 0.222761869
15 -0.006407287
16 0.139853284
17 -0.005150781
18 -0.165363818
19 0.002043437
---------
no_of_weights
19
0 1.308716059
1 -0.097620845
2 -0.145550057
3 1.537961721
4 1.766975284
5 1.345800519
6 0.401945800
7 -1.021343589
8 0.019051228
9 -0.114098594
10 -0.043557934
11 0.418734342
12 0.282937378
13 -0.029723873
15 0.016275657
16 -7.061808109
17 -0.009280614
18 16.939451218
19 -0.530369341
---------
no_of_weights
19
0 0.133518830
1 -0.099858433
2 0.096384682
3 0.032937102
4 -0.053278618
5 0.133899242
6 -0.045596495
7 0.068033032
8 -0.047201451
9 -0.030060183
10 0.051051863
11 0.043399472
12 0.083984435
13 0.200730443
14 0.089932546
16 -0.012933430
17 0.000478392
18 0.153207421
19 -0.054487802
---------
no_of_weights
19
0 -0.339375496
1 -0.334640324
2 0.914536119
3 0.001799934
4 0.469182551
5 -0.631982088
6 0.218793914
7 0.118621416
8 0.040074941
9 -0.172758579
10 -0.043790832
11 -0.038228054
12 -1.589034796
13 0.270772576
14 -1.057382107
15 -0.150109008
17 -0.045307875
18 1.820315480
19 -0.312328458
---------
no_of_weights
19
0 -0.135038123
1 -0.032669004
2 0.021851832
3 0.194801494
4 0.016921567
5 -0.065985747
6 -0.160175398
7 -0.065430336
8 -0.136316016
9 -0.144599870
10 -0.180518761
11 -0.076506063
12 -0.079960950
13 0.126427248
14 -0.132013619
15 0.039095432
16 0.067598313
18 -0.022141969
19 -0.023687333
---------
no_of_weights
19
0 -0.054710817
1 2.162222862
2 -1.691452861
3 0.369434774
4 0.142107382
5 -0.884812415
6 0.995705366
7 2.052273989
8 0.060761880
9 0.032693449
10 -0.196229905
11 0.531369865
12 0.134891838
13 -0.113940537
14 0.977295518
15 0.138827801
16 0.024082769
17 -0.015790846
19 0.368723333
---------
no_of_weights
19
0 0.259968609
1 2.021332741
2 0.952546120
3 -0.023485115
4 1.211557269
5 -0.613066077
6 0.436652780
7 0.367451340
8 -0.109883413
9 -0.432137489
10 -0.128070951
11 -0.028654274
12 0.736293256
13 -0.184906572
14 -0.284359396
15 0.167780712
16 -0.098564170
17 0.051843833
18 1.411140442
---------
no_of_weights
19
0 0.016907059
1 -0.443742663
2 0.584952116
3 0.703826904
4 0.533451140
5 -1.087667942
6 -0.047327928
7 0.604675412
8 -1.783106089
9 0.343004376
10 0.257705599
11 -1.021463871
12 -0.823260307
13 -0.617343664
14 0.812545061
15 0.063153125
16 1.394138217
17 0.107359007
18 -0.352343768
---------
</weights>
<neuron>
<bias>
-0.046833135
-0.011024894
-0.013232830
0.048202999
0.039584991
-0.015850961
-0.039359108
0.002521004
0.003850739
-0.041335531
0.039858542
0.000717107
0.078740947
0.047975432
0.008974106
-0.172865823
</bias>
<alpha>
-0.186694667
0.000000000
0.000054307
0.000000000
0.000000000
-0.063880987
-0.504162014
0.005862252
0.000000000
-0.165248796
0.000000000
0.000595157
0.000000000
0.000000000
-0.363401353
-0.180645585
</alpha>
<nweights>
-0.252461433
0.009532689
-0.609274149
-0.298400968
0.213496566
0.585564256
0.087143280
-0.478387535
-0.351952940
0.246491596
0.497219712
0.211798579
0.278980821
-0.381454945
0.444500208
0.288453460
-0.341137409
-0.001291874
0.384796143
0.318121433
0.140032873
-0.074899130
0.042582609
0.031504314
0.077095769
0.096353821
-0.713907480
0.226491705
-0.225177273
-0.565931082
-0.033864636
-0.036099583
0.574668944
-0.766699255
0.438199222
0.182053015
0.242834628
0.433144212
0.201515839
-0.124224246
-0.224061966
0.291313738
0.098083399
-0.375357240
0.176817626
0.471382707
-0.042735789
0.180626735
-0.494613588
-0.339275271
-0.297352791
-0.197653159
0.059563451
0.421448112
0.123337977
-0.013718065
-0.123156376
0.333452523
-0.215389147
0.041740160
-0.532342315
-0.351670533
0.301067412
</nweights>
</neuron>
<neuron>
<bias>
-0.600006461
0.555562556
0.278669894
0.461284518
0.056077324
-0.624381185
-0.098618835
0.110158391
0.061058894
-0.046399541
0.052672204
0.262664467
-0.107043371
-0.143784195
-1.343456268
0.768837333
</bias>
<alpha>
2.452906132
-0.063055798
0.038973384
-0.812046170
-0.023028841
-0.028124992
1.072868586
-0.016308753
0.000030893
0.223230168
-0.260278314
-0.417436212
0.008162349
-0.004113727
-0.498346120
1.327750802
</alpha>
<nweights>
-0.252461433
0.009532689
-0.609274149
-0.298400968
0.213496566
0.585564256
0.087143280
-0.452078789
-0.350823969
0.296939403
0.516460180
0.184342638
0.204948947
-0.387528330
0.429982662
0.281286776
-0.457394779
-0.022125013
0.400456786
0.537050486
0.147074670
-0.045347121
0.040177248
0.191471636
0.119453184
0.070284352
-0.966818333
0.212116152
-0.068794154
-0.538953125
0.355407745
0.107726052
0.430712074
-1.188925147
0.407414079
0.089905828
0.241401762
0.235957310
0.102109440
-0.052498393
-0.196333468
0.316748887
0.001602354
-0.382471681
-0.097086877
0.369259238
0.036088258
0.345834464
-0.464404851
-0.541246891
-0.449136078
-0.629121006
0.121137954
0.667603672
0.441504866
-0.091678500
0.028518107
-0.509502292
0.627852201
0.865105450
0.094521478
-0.325790673
-1.609589696
</nweights>
</neuron>
<neuron>
<bias>
-1.847840309
0.470660061
0.127589598
1.091512322
0.121140487
-0.549934626
-1.169945478
0.319666535
0.031524491
-0.194423348
0.302329600
0.460472196
-0.085018352
-0.287685841
-1.098691225
1.071640372
</bias>
<alpha>
0.207622498
0.085790254
0.007289321
0.319024116
0.007332017
-0.027644012
-0.148402303
0.053831350
0.000000000
-0.041160770
0.186265856
0.351698130
-0.000998373
-0.007568095
-0.366295069
1.650378227
</alpha>
<nweights>
-0.252461433
0.009532689
-0.609274149
-0.298400968
0.213496566
0.585564256
0.087143280
-0.471398264
-0.351774037
0.262081712
0.500019968
0.202725679
0.242578223
-0.381706357
0.409373581
0.275567949
-0.396990776
0.018392928
0.430550307
0.469885528
0.102694146
-0.019373519
0.072609045
0.140926242
0.050895818
0.021135200
-0.922327459
0.288013190
-0.056225270
-0.536459863
0.340272456
0.051322505
0.406102628
-1.127160072
0.475127995
0.094847172
0.242485642
0.225583896
0.100208454
-0.057102654
-0.198230013
0.316882789
-0.026951214
-0.387094289
-0.105197497
0.387269229
0.075227156
0.351049751
-0.502811968
-0.677244961
-0.361709386
-0.940367341
-0.126553237
0.760598481
0.856889009
-0.068750575
-0.094844505
-0.387635946
0.577546537
0.829415321
0.050452504
-0.488302112
-1.764102340
</nweights>
</neuron>
<neuron>
<bias>
-0.491555393
0.157217458
0.040689144
0.401749611
0.047882847
-0.227211967
-0.427951872
0.109390877
0.083469637
-0.109873846
0.110282689
0.227247566
-0.062378269
-0.143142000
-0.626466691
0.943205237
</bias>
<alpha>
-0.093822770
0.000000000
0.001012216
0.000000000
0.000000000
-0.050345451
-0.278445989
-0.004060911
0.000000000
-0.094557114
0.000000000
0.000000000
0.000000000
-0.003351784
-0.037818592
0.000000000
</alpha>
<nweights>
-0.252461433
0.009532689
-0.609274149
-0.298400968
0.213496566
0.585564256
0.087143280
-0.444804698
-0.354941249
0.324400038
0.529960275
0.182168052
0.237480134
-0.388742089
0.446574986
0.285332650
-0.331558496
0.015189736
0.388435394
0.325256735
0.127748802
-0.076475166
0.046709929
0.023250390
0.061700370
0.093024075
-0.716486752
0.238097340
-0.120328672
-0.562513113
0.213562697
0.067317411
0.487142831
-0.857009709
0.419212997
0.051060919
0.246520221
0.116368987
0.045488987
-0.023870893
-0.121457636
0.337152869
-0.038292367
-0.371220857
-0.149696752
0.319462478
0.065680385
0.293802351
-0.455604553
-0.497241169
-0.308499634
-0.560042679
-0.070829071
0.560019433
0.192621738
-0.005505104
0.183506742
-0.331153005
0.261406958
0.360966504
0.107950069
-0.136483565
-0.872238755
</nweights>
</neuron>
<neuron>
<bias>
-0.826901197
-0.119712427
-0.252845943
0.902731538
0.531389415
-0.249678656
-0.148558140
-0.241168961
0.602429926
-0.385870785
0.033496436
0.160703927
0.136288643
0.076080233
-0.608625889
1.168473721
</bias>
<alpha>
0.231602594
0.000000000
0.032369375
0.000000000
0.000000000
-0.471915245
-0.971788168
-0.050593723
0.000000000
-0.434525639
-0.008695750
0.000000000
0.000000000
-0.000006377
-0.442319155
0.000000000
</alpha>
<nweights>
-0.252461433
0.009532689
-0.609274149
-0.298400968
0.213496566
0.585564256
0.087143280
-0.365236014
-0.423288405
0.837131739
0.792107463
0.125899732
0.232899666
-0.455167890
0.392813355
0.324005902
-0.639306962
-0.147341684
0.427572966
0.327316940
0.174262941
-0.085323252
0.046107471
-0.006731552
0.055871651
0.112297282
-0.664464295
0.234353960
-0.108745448
-0.579980075
0.291466951
0.122103341
0.496528894
-0.808143198
0.395464361
0.052340206
0.232404545
0.194295123
0.084345013
-0.024742670
-0.102775075
0.328565150
-0.003274530
-0.386214197
-0.002648625
0.385023922
0.033778425
0.262344539
-0.467919081
-0.354230911
-0.262051344
-0.416178405
-0.042796742
0.443338156
0.059208870
0.004698346
0.876492023
-0.563268006
-0.036048528
0.152987570
0.178730875
0.185491040
-0.557624340
</nweights>
</neuron>
<neuron>
<bias>
-0.213937774
-0.025760533
-0.050052822
0.154657826
0.131536096
-0.033268303
0.055605974
-0.069723874
0.081522144
-0.067654043
0.012729479
-0.027110929
0.098380826
0.077160418
0.037462018
-0.362307847
</bias>
<alpha>
0.415144414
0.000000000
0.004837790
0.000000000
0.000000000
-0.089493461
-0.497323215
0.012412612
0.000000000
-0.104083218
0.000000000
0.000000000
0.000000000
-0.001117364
-0.087521456
0.000000000
</alpha>
<nweights>
-0.252461433
0.009532689
-0.609274149
-0.298400968
0.213496566
0.585564256
0.087143280
-0.275087684
-0.363167167
0.746290088
0.746824622
0.062814124
0.155718222
-0.459276706
0.349714100
0.292717695
-0.575746357
-0.119648196
0.450595021
0.341534227
0.177516475
-0.066875182
0.042229068
0.052169524
0.088132933
0.093846880
-0.683049262
0.222497195
-0.107367478
-0.563690960
0.254914165
0.105961122
0.488969207
-0.816259146
0.398388922
0.119868986
0.244042560
0.285082102
0.131917641
-0.071723707
-0.146484673
0.310452312
0.026156170
-0.371710777
0.003834790
0.387963772
0.014218306
0.239263311
-0.469079435
-0.526502490
-0.288790196
-0.659271538
-0.169940248
0.553261101
0.109580651
0.056300472
0.769234896
-0.614134073
0.211221397
0.293377936
0.334941924
0.145435393
-0.898583651
</nweights>
</neuron>
<neuron>
<bias>
0.000615455
-0.005235130
-0.006478208
0.013958030
0.013679972
0.000716294
-0.004264232
0.004633402
-0.002557904
-0.011793605
0.016972231
0.001670382
0.030632284
0.016932238
0.016897101
-0.064812906
</bias>
<alpha>
-0.003366835
-0.000007098
0.000846130
-0.001671304
-0.001935049
-0.017279353
-0.047847547
0.001062388
0.000081227
0.016820643
-0.005118550
-0.000488445
-0.011192561
-0.004634405
-0.245619133
0.040792223
</alpha>
<nweights>
-0.252461433
0.009532689
-0.609274149
-0.298400968
0.213496566
0.585564256
0.087143280
-0.482331872
-0.354847491
0.238956094
0.492516428
0.213743314
0.267029196
-0.382477790
0.408534080
0.287185669
-0.422843039
-0.040885873
0.419446677
0.452321857
0.153650567
-0.026677322
0.040459551
0.146485820
0.133059114
0.053392809
-0.865029216
0.208239928
-0.178961009
-0.565162778
0.075416707
0.017410375
0.539672196
-0.846260428
0.423918813
0.211466417
0.242369980
0.501286149
0.234256208
-0.156084299
-0.417151123
0.276918262
0.097376451
-0.373164207
0.173386246
0.471086472
-0.047104612
0.091774285
-0.497257411
-0.376676172
-0.294797748
-0.292874366
0.014786191
0.452885389
0.205982894
-0.000367459
-0.010556395
0.436068773
-0.459493309
-0.169531673
-0.663839340
-0.336036682
0.093492828
</nweights>
</neuron>
<neuron>
<bias>
-0.980554819
-0.029109910
-0.192462936
0.959945083
0.488557309
-0.287680060
-0.260736138
-0.131857425
0.525622845
-0.352602482
0.082188949
0.217132345
0.133302540
0.002643179
-0.692414820
1.117105722
</bias>
<alpha>
0.235706612
0.000000000
0.021798840
0.000000000
0.000000000
-0.424164802
-0.963061512
-0.062008914
0.000000000
-0.377770841
-0.009588734
0.000000000
0.000000000
-0.000399155
-0.378175765
0.000000000
</alpha>
<nweights>
-0.252461433
0.009532689
-0.609274149
-0.298400968
0.213496566
0.585564256
0.087143280
-0.305412859
-0.395015895
0.927578509
0.809684634
0.093566082
0.232628018
-0.433351547
0.368695289
0.305927485
-0.651629090
-0.136593357
0.437919676
0.315632463
0.154455110
-0.091826826
0.045309708
-0.017157415
0.048763897
0.113069229
-0.660516858
0.237516567
-0.105566435
-0.572786987
0.299436212
0.118459381
0.490007818
-0.800616086
0.403862208
0.082653560
0.237276778
0.265387625
0.111767180
-0.042801272
-0.105562463
0.328977525
-0.013022088
-0.376562238
-0.060290568
0.354138434
0.043096852
0.272042334
-0.457396060
-0.379701912
-0.279855192
-0.446917027
-0.032680210
0.460302055
0.037650198
-0.023599228
1.062359810
-0.616613090
-0.038999535
0.193143353
0.269725680
0.130234033
-0.621692598
</nweights>
</neuron>
<neuron>
<bias>
0.112237640
-0.108638711
-0.054551985
-0.064557724
0.105471000
0.019670017
0.109627292
-0.077068008
-0.028775817
-0.093566708
0.078470446
-0.133575261
0.248630270
0.250792146
0.277339429
-0.911526501
</bias>
<alpha>
-0.349976361
0.197694257
0.001556301
0.505626559
-0.018025843
-0.025719592
-0.186092257
0.010566616
0.000168344
0.073349290
-0.095446244
0.132067457
-0.306854099
0.061639968
-1.105770350
0.215220600
</alpha>
<nweights>
-0.252461433
0.009532689
-0.609274149
-0.298400968
0.213496566
0.585564256
0.087143280
-0.471322268
-0.355414838
0.258613348
0.504684269
0.205748156
0.249261439
-0.385971606
0.449837208
0.292087764
-0.323628426
-0.009837694
0.391016066
0.387377590
0.146006018
-0.066887937
0.039539028
0.050928291
0.099812426
0.082372554
-0.806981325
0.217607081
-0.139149696
-0.559032559
0.177309215
0.039969627
0.514062643
-0.922357917
0.419511229
0.121649355
0.235819116
0.286086917
0.171355262
-0.093751572
-0.268070728
0.296029925
0.011282204
-0.381286740
-0.032490510
0.413865805
0.010998561
0.244566023
-0.482582361
-0.715485692
-0.293939620
-1.176832438
-0.311881185
0.705912709
0.905739188
0.093986660
-0.001727135
0.033457898
-0.005119768
0.339849979
-0.340902567
-0.366352886
-1.669867039
</nweights>
</neuron>
<neuron>
<bias>
0.005849014
0.001791433
0.001179473
-0.000103816
-0.002283488
0.000153545
0.001933718
0.001202268
0.001532898
0.002274049
-0.002232775
0.002768720
-0.005410028
-0.005199671
-0.007194852
0.026647560
</bias>
<alpha>
0.616116047
-0.090500884
-0.001736335
-0.249238655
0.011281523
0.086761631
0.288820863
-0.002817558
-0.002365885
-0.036047410
0.031971123
-0.097340949
0.159305453
0.024192352
0.718022645
-1.058262706
</alpha>
<nweights>
-0.252461433
0.009532689
-0.609274149
-0.298400968
0.213496566
0.585564256
0.087143280
-0.472771347
-0.354253829
0.261765867
0.502818465
0.206130147
0.246206403
-0.385090649
0.428811163
0.289522350
-0.374020010
-0.017646845
0.402346849
0.428707510
0.145784855
-0.050059393
0.041689299
0.088272586
0.106409058
0.071818650
-0.835085690
0.217221469
-0.161743835
-0.563399017
0.129353836
0.037863679
0.524742544
-0.886310816
0.417555422
0.151631266
0.243485436
0.341992408
0.168377459
-0.107206814
-0.314263523
0.299277842
0.049711123
-0.373525620
0.047764301
0.419929594
-0.008488873
0.181842953
-0.480511099
-0.500149071
-0.291089565
-0.627027512
-0.119732961
0.550480425
0.527733862
0.039511107
0.042343292
0.090427183
-0.086471096
0.153680995
-0.333848327
-0.236113250
-0.788412154
</nweights>
</neuron>
<neuron>
<bias>
-0.031127557
0.045068689
0.026575880
0.021141376
-0.025214644
-0.030333387
-0.014365438
0.003648146
0.014489215
0.029987821
-0.029282818
0.026766287
-0.087725386
-0.062777437
-0.126362979
0.283597916
</bias>
<alpha>
-0.015939970
0.015135908
0.000696851
-0.002686950
-0.013664188
-0.008463975
0.003386131
0.000372575
0.000262085
0.028188132
-0.029696597
0.007744031
-0.059332140
-0.009053148
-0.146912932
0.029169464
</alpha>
<nweights>
-0.252461433
0.009532689
-0.609274149
-0.298400968
0.213496566
0.585564256
0.087143280
-0.474386632
-0.354296684
0.256566197
0.501566231
0.207044303
0.249528617
-0.384914666
0.427114874
0.289934874
-0.377592713
-0.018142924
0.404000640
0.431477249
0.146841824
-0.050155364
0.041177873
0.091475733
0.106830798
0.071801648
-0.841541588
0.215968087
-0.162205577
-0.563432574
0.122111142
0.039884284
0.525380611
-0.876145899
0.417314291
0.142001569
0.242622033
0.337517381
0.155360058
-0.098889038
-0.306751817
0.301226169
0.047440082
-0.374079615
0.056747679
0.415723324
-0.006206863
0.175895810
-0.481137574
-0.450183928
-0.294040143
-0.467458487
-0.071451686
0.509475052
0.354780853
0.025090193
0.044484179
0.123644330
-0.121528141
0.080067195
-0.329505742
-0.231794134
-0.466340929
</nweights>
</neuron>
<neuron>
<bias>
0.284143448
-0.188280717
-0.094818212
-0.186919034
-0.006627487
0.146170393
0.155239597
-0.004399116
-0.009861214
-0.055000130
0.042149805
-0.038484253
0.094964497
0.081910841
0.332082152
-0.390515268
</bias>
<alpha>
0.314968377
0.019519527
-0.000023004
-0.353712648
-0.135211498
0.036087215
0.071136415
0.006098812
0.001609407
0.115650833
-0.205610946
0.029465578
-0.398484647
-0.061194558
-1.741869807
-0.140011311
</alpha>
<nweights>
-0.252461433
0.009532689
-0.609274149
-0.298400968
0.213496566
0.585564256
0.087143280
-0.472711116
-0.353821844
0.256832451
0.502299845
0.207123205
0.248171896
-0.384372920
0.456157297
0.290380657
-0.341289103
0.001679728
0.378849596
0.361869335
0.138553843
-0.077789322
0.041093208
0.048741963
0.083394624
0.095303945
-0.764644623
0.225499898
-0.225086942
-0.559366167
-0.013111806
-0.030867621
0.572353959
-0.746990740
0.437372565
0.176058203
0.239296034
0.441048384
0.207119927
-0.127120316
-0.353141069
0.290656537
0.071390733
-0.376408875
0.124357551
0.447785616
-0.024926567
0.143768296
-0.485459983
-0.484582484
-0.301656634
-0.564129353
-0.115516149
0.559602559
0.451627910
0.031625085
-0.023427483
0.320387781
-0.302174568
-0.062638275
-0.550131857
-0.254691362
-0.882902682
</nweights>
</neuron>
<neuron>
<bias>
0.214330003
-0.111650988
-0.033584338
-0.123957776
0.006819630
0.068843387
0.183090299
-0.043124657
-0.000140970
-0.029662516
0.009097015
-0.093811333
0.100863621
0.097456403
0.233014137
-0.574083805
</bias>
<alpha>
-0.133396029
0.045075592
-0.001583147
-0.259690434
-0.127473593
0.016880581
-0.255012035
0.013749960
0.004391215
0.032469563
-0.154120386
0.035055056
-0.386687577
-0.053122316
-1.628424168
-0.339033395
</alpha>
<nweights>
-0.252461433
0.009532689
-0.609274149
-0.298400968
0.213496566
0.585564256
0.087143280
-0.474500477
-0.354610085
0.257692575
0.505371809
0.208096579
0.252673984
-0.387311369
0.505565524
0.285834640
-0.211789563
0.062267184
0.338089257
0.240981027
0.120875351
-0.130103931
0.044515152
-0.084592618
0.021741861
0.137112498
-0.654571116
0.242376789
-0.251860052
-0.562200129
-0.096750453
-0.062463634
0.598040938
-0.727039099
0.450611174
0.127248764
0.244567573
0.329253525
0.147993505
-0.086468920
-0.195346013
0.306736469
0.049582336
-0.372727841
0.079959683
0.421547294
-0.007214809
0.229042500
-0.481791049
-0.500730634
-0.293238789
-0.542564392
-0.138755754
0.567623794
0.516246855
0.038501076
-0.067777500
0.109513998
-0.047424618
0.127164558
-0.359336168
-0.194750950
-0.951853514
</nweights>
</neuron>
<neuron>
<bias>
0.013797439
-0.056938674
-0.035488870
-0.012789422
0.038779244
0.032667346
-0.004510561
-0.004095076
-0.017609516
-0.047725707
0.046271283
-0.031249830
0.121091351
0.085135579
0.151771799
-0.372595400
</bias>
<alpha>
0.094163448
0.042172421
0.000853708
0.000999838
-0.033583988
-0.014463261
0.079363324
-0.000483746
0.000409376
0.096968725
-0.079912372
0.019420762
-0.161698133
-0.018777691
-0.406648427
0.153108150
</alpha>
<nweights>
-0.252461433
0.009532689
-0.609274149
-0.298400968
0.213496566
0.585564256
0.087143280
-0.476617098
-0.354754388
0.256297499
0.498025149
0.207381919
0.251580983
-0.382561624
0.422755480
0.289877295
-0.402860850
-0.034183908
0.407312959
0.458277136
0.148129448
-0.039979067
0.040522773
0.118667945
0.121947557
0.063248172
-0.856224656
0.214827135
-0.163298950
-0.564686418
0.116902292
0.036919288
0.528805614
-0.871314466
0.418968648
0.167632699
0.240462348
0.404752403
0.192270949
-0.121767074
-0.376137316
0.297520220
0.060656607
-0.375507236
0.091230042
0.429375947
-0.017922284
0.139406458
-0.481727272
-0.455597937
-0.295785993
-0.468409985
-0.066866182
0.514521003
0.352397710
0.024157232
0.031407863
0.262632996
-0.267377734
-0.015562165
-0.480632871
-0.272951245
-0.468535990
</nweights>
</neuron>
<neuron>
<bias>
0.224291950
-0.036840603
-0.014677636
-0.070076875
-0.011492197
0.041944653
0.078931518
-0.002579540
-0.001264101
0.002958850
-0.004158879
-0.010982334
0.001676251
0.005203318
0.071367644
-0.028759638
</bias>
<alpha>
1.077280045
-0.155723587
-0.002830746
-0.551960051
-0.003567192
0.153594494
0.602008104
-0.005545529
-0.002778064
-0.031009486
0.001024678
-0.170488089
0.177531257
0.030718796
1.132416010
-1.053167224
</alpha>
<nweights>
-0.252461433
0.009532689
-0.609274149
-0.298400968
0.213496566
0.585564256
0.087143280
-0.473595262
-0.354381293
0.264989227
0.501220047
0.207196265
0.244603544
-0.384784549
0.434645981
0.288814753
-0.356930137
-0.009979371
0.397063553
0.409058571
0.143778980
-0.058444545
0.042073186
0.068248145
0.095673807
0.079823636
-0.809341311
0.220299661
-0.171586186
-0.562154174
0.134855539
0.026163455
0.535594761
-0.876650214
0.422996342
0.155561641
0.242954835
0.314790130
0.176991314
-0.110243566
-0.294741392
0.295596153
0.054423191
-0.373945743
0.024886854
0.433449060
-0.013114975
0.193049759
-0.485108048
-0.527721763
-0.293376744
-0.892971039
-0.170730770
0.581658006
0.861033022
0.052891936
0.038993862
0.032292452
-0.016606100
0.258495480
-0.294643223
-0.260092825
-1.296549320
</nweights>
</neuron>
<neuron>
<bias>
-0.008854133
0.009715761
0.005410490
0.005751059
-0.004765618
-0.007013866
-0.005283448
0.001003535
0.003326278
0.005721765
-0.005566853
0.006359035
-0.018271821
-0.013557713
-0.028498614
0.062641628
</bias>
<alpha>
-0.008209819
-0.000233165
0.000108269
-0.004948460
-0.000915785
-0.002436359
-0.000959565
0.000066545
-0.000037222
0.006587292
-0.002289859
-0.001406115
-0.002259497
-0.000353374
-0.039211024
-0.012781833
</alpha>
<nweights>
-0.252461433
0.009532689
-0.609274149
-0.298400968
0.213496566
0.585564256
0.087143280
-0.471148014
-0.354198813
0.261667609
0.505659342
0.204841480
0.247723728
-0.385440588
0.429980814
0.289594114
-0.378783852
-0.019405639
0.400762558
0.432560176
0.144823968
-0.047560092
0.041789461
0.095901743
0.108436503
0.070207268
-0.835682571
0.217917845
-0.158847481
-0.563073874
0.125143185
0.041721001
0.519385934
-0.889230549
0.414824367
0.145395026
0.244378105
0.341744006
0.156059548
-0.101626717
-0.311333925
0.306018233
0.049400087
-0.373894423
0.058456235
0.412360102
-0.007887533
0.173808172
-0.476292193
-0.450236440
-0.291929811
-0.465017617
-0.071889311
0.518156946
0.351784825
0.024962626
0.050765730
0.121746071
-0.122247040
0.076352485
-0.321979076
-0.223421469
-0.417794764
</nweights>
</neuron>
<neuron>
<bias>
-0.189455792
0.076352023
0.037447121
0.072156996
-0.027813632
-0.047519013
-0.091395065
0.021922376
0.015584135
0.034329500
-0.028234106
0.052936077
-0.099401504
-0.090402119
-0.184254289
0.419771522
</bias>
<alpha>
-0.291114151
0.109358422
-0.002028275
0.113897644
-0.057135973
-0.012396623
-0.218366086
0.010408779
0.001603987
0.041199755
-0.101934887
0.074902244
-0.298509657
-0.034261793
-1.269871354
0.369975179
</alpha>
<nweights>
-0.252461433
0.009532689
-0.609274149
-0.298400968
0.213496566
0.585564256
0.087143280
-0.478429794
-0.354596943
0.249146894
0.496441364
0.210028768
0.254776746
-0.382929504
0.466899216
0.286824524
-0.284964770
0.019105904
0.371388197
0.342681140
0.133710712
-0.084233299
0.042590003
0.005053515
0.071099780
0.099365838
-0.755199730
0.228025883
-0.193615630
-0.563455343
0.043003585
-0.001295426
0.549178004
-0.827792108
0.427923292
0.128871828
0.243701920
0.297818065
0.150632843
-0.090324067
-0.239975005
0.308221310
0.040640946
-0.372873217
0.034852300
0.414793879
-0.001846084
0.220323190
-0.477241635
-0.585530579
-0.293120623
-0.785919249
-0.210139036
0.624990582
0.676161170
0.066046692
-0.009090331
0.061902564
-0.026177470
0.172471315
-0.297200114
-0.215528280
-1.195360303
</nweights>
</neuron>
<neuron>
<bias>
-0.021914197
0.019339759
0.010185371
0.014023957
-0.007993092
-0.014611517
-0.014052851
0.002488998
0.006288263
0.009450142
-0.009029742
0.013156677
-0.033677813
-0.025100542
-0.055823300
0.116415545
</bias>
<alpha>
0.001224970
-0.004720432
-0.000005217
-0.008423033
0.002470395
-0.000009234
0.000759577
-0.000012860
-0.000305603
0.000481199
0.004847035
-0.005561798
0.015238359
0.003012208
-0.000775166
-0.012181621
</alpha>
<nweights>
-0.252461433
0.009532689
-0.609274149
-0.298400968
0.213496566
0.585564256
0.087143280
-0.473771840
-0.354682684
0.256670147
0.503542542
0.206990212
0.249868438
-0.385117322
0.424827635
0.289599925
-0.382673383
-0.019627847
0.405761510
0.436693519
0.146998197
-0.047723532
0.041519590
0.095737122
0.108704388
0.069620423
-0.846432507
0.215717494
-0.161235750
-0.564204931
0.124917917
0.042047981
0.522416115
-0.879902601
0.415762007
0.144930735
0.243555963
0.340258330
0.155658081
-0.101097643
-0.310085088
0.300771147
0.049222816
-0.375680119
0.058420148
0.416542172
-0.007850873
0.174880341
-0.480515301
-0.448960394
-0.293534875
-0.467795193
-0.071578629
0.507971287
0.354475677
0.024832016
0.050470505
0.122092746
-0.122707419
0.077130035
-0.323190719
-0.224304885
-0.420371801
</nweights>
</neuron>
<neuron>
<bias>
-0.151491374
0.030302437
0.020344922
0.040978886
0.025113681
-0.047648031
-0.064823091
-0.015744423
-0.015200620
-0.009210303
0.007456573
-0.032826994
0.053063307
0.050289720
-0.019493910
-0.251758546
</bias>
<alpha>
1.306840420
-0.217658505
-0.003196388
-0.715073049
0.027536998
0.193422973
0.722099900
-0.004669567
-0.002451197
-0.060459420
0.055964649
-0.192183182
0.278733790
0.043152254
1.411752105
-1.060380936
</alpha>
<nweights>
-0.252461433
0.009532689
-0.609274149
-0.298400968
0.213496566
0.585564256
0.087143280
-0.475884765
-0.353691638
0.263829559
0.497618616
0.208337232
0.247142851
-0.382200748
0.424832106
0.291048467
-0.361733049
-0.027359840
0.407133669
0.427088022
0.148535013
-0.049399555
0.041321106
0.068924174
0.111844122
0.070321739
-0.827240288
0.215270370
-0.176272005
-0.560214996
0.131787270
0.012538309
0.540656209
-0.870273232
0.426252753
0.188852429
0.240154117
0.335770428
0.236295655
-0.147559941
-0.363459468
0.278898925
0.073038653
-0.377184927
0.036612384
0.463151336
-0.032764900
0.159447357
-0.493095279
-0.551784992
-0.293321937
-1.000928879
-0.139524817
0.604977012
0.991446435
0.046200600
0.031094970
0.128784120
-0.146081463
0.214619592
-0.436786622
-0.314134926
-1.464474797
</nweights>
</neuron>
<neuron>
<bias>
0.019580612
-0.069548391
0.080751412
-0.030708028
-0.072057806
0.018585175
-0.000633391
0.064149149
0.060298808
0.025461148
-0.040529035
-0.002133219
-0.001254011
-0.162364051
-0.097667530
-0.366315365
</bias>
<alpha>
0.648952246
-0.082326815
-0.083879210
-1.124650121
-0.245291233
-0.013939569
0.459535331
-0.027749067
-0.001974036
0.173749536
-0.874738634
-0.138218760
-0.999886692
0.032137267
-1.382465005
-0.704538584
</alpha>
<nweights>
-0.252461433
0.009532689
-0.609274149
-0.298400968
0.213496566
0.585564256
0.087143280
-0.374407470
-0.355624825
0.211788431
0.577802718
0.124607749
0.078667603
-0.416490763
0.558829784
0.280343235
-0.157544971
0.109131850
0.297300279
0.136232018
0.101222984
-0.245656237
0.051298466
0.134501874
-0.057301465
0.240506828
-0.458163708
0.287418604
-0.336809486
-0.553969085
-0.081993856
-0.127896130
0.665417671
-0.479053050
0.473169923
0.052984972
0.260445952
0.666726410
0.126104206
-0.018146815
-0.341180742
0.356910497
0.011542132
-0.375301838
0.054892942
0.389530391
0.021257736
0.219004929
-0.466407001
-0.177403405
-0.293867350
-0.314938962
0.089113317
0.339059770
-0.108276516
-0.044140588
-0.035659388
0.071224295
-0.271248966
-0.044246271
-0.720307291
0.028067678
-0.064068399
</nweights>
</neuron>
<neuron>
<bias>
1.364578724
-1.685497046
-1.293577075
-0.219679818
0.619646072
1.369257689
1.325081348
-1.000457168
0.284718931
-0.142455474
-0.094514675
-0.244135499
0.394156694
0.861199796
1.971929073
-2.685702324
</bias>
<alpha>
-0.227669403
0.443677157
0.250000000
-1.006892920
-0.631200969
0.036206480
-0.279243380
0.500000000
-0.920140147
-0.079656355
-0.189538419
-0.154092103
0.020149093
-0.777247131
-1.004998803
-0.995860159
</alpha>
<nweights>
-0.252461433
0.009532689
-0.609274149
-0.298400968
0.213496566
0.585564256
0.087143280
-0.657427609
-0.587338865
0.417228281
0.618434012
0.394853085
0.528757811
-0.571834147
0.630597115
0.360260278
0.149614960
0.141762644
0.229989871
0.198838636
0.213099182
-0.204822555
0.116836630
-0.037182029
-0.133417204
0.185862437
-0.382153243
0.340717942
-0.317597508
-0.514922619
-0.165889978
-0.171774507
0.626197934
-0.511131942
0.496866614
-0.027083797
0.171853274
0.210437819
0.074885480
0.060149826
0.027574319
0.281770140
-0.453386277
-0.974884391
-0.014943345
0.692138255
0.429605573
0.136841699
-1.000000000
-1.196109653
-1.023624539
-0.055615339
0.303407937
1.177667499
0.805162191
-0.596752167
-0.697318017
0.357392102
-0.061566759
-0.351857454
0.206247464
-1.426136971
-1.902829766
</nweights>
</neuron>
<end>
