number_of_neurons:
21
input_index
0 
output_index
20 
number_of_layers
20
<layermap>
no_of_neurons
1
0 
next_layer
no_of_neurons
1
1 
next_layer
no_of_neurons
1
2 
next_layer
no_of_neurons
1
3 
next_layer
no_of_neurons
1
4 
next_layer
no_of_neurons
1
5 
next_layer
no_of_neurons
1
6 
next_layer
no_of_neurons
1
7 
next_layer
no_of_neurons
1
8 
next_layer
no_of_neurons
1
9 
next_layer
no_of_neurons
1
10 
next_layer
no_of_neurons
1
11 
next_layer
no_of_neurons
1
12 
next_layer
no_of_neurons
1
13 
next_layer
no_of_neurons
1
14 
next_layer
no_of_neurons
1
15 
next_layer
no_of_neurons
1
16 
next_layer
no_of_neurons
1
17 
next_layer
no_of_neurons
1
18 
next_layer
no_of_neurons
2
19 20 
</layermap>
<weights>
no_of_weights
0
---------
no_of_weights
19
0 0.136349544
2 0.064898111
3 -0.014848549
4 -0.023838867
5 0.106914476
6 0.020298844
7 0.025532071
8 0.010588802
9 0.053204887
10 -0.008033197
11 -0.015327473
12 -0.087144829
13 0.025207683
14 0.053895988
15 -0.084109858
16 0.027300727
17 0.073742963
18 0.041295782
19 0.011769043
---------
no_of_weights
19
0 0.112619102
1 0.300273418
3 -0.043871734
4 -0.028086048
5 0.110563546
6 0.045311060
7 0.019671686
8 0.013086174
9 0.060940210
10 0.008634145
11 -0.042464148
12 -0.096726537
13 -0.015794801
14 0.004908227
15 -0.029098257
16 0.046854168
17 0.020426549
18 0.046322852
19 -0.018821731
---------
no_of_weights
19
0 -0.446340501
1 -0.268137574
2 -0.303461522
4 0.038977336
5 -0.122707993
6 -0.061083920
7 -0.029985238
8 -0.020308925
9 -0.062920019
10 0.000295758
11 0.052957345
12 0.097081676
13 0.023595344
14 0.009093326
15 0.011170611
16 -0.047276661
17 -0.001873268
18 -0.063884147
19 0.039311364
---------
no_of_weights
19
0 0.187848955
1 -0.073952928
2 0.251522601
3 -0.242145181
5 0.019485058
6 0.060023073
7 0.035601005
8 0.036624014
9 0.038773753
10 0.013710232
11 -0.040343929
12 -0.050599203
13 -0.037992518
14 -0.036843348
15 0.043049205
16 0.034738891
17 -0.036465932
18 0.050205469
19 -0.061582424
---------
no_of_weights
19
0 0.537097752
1 0.278466642
2 0.213844180
3 0.068696946
4 -0.037869763
6 0.011307064
7 0.020058749
8 0.011885610
9 0.056104254
10 -0.004200454
11 -0.017112387
12 -0.095719531
13 0.030356180
14 0.053561091
15 -0.083365723
16 0.023653053
17 0.056874063
18 0.053161371
19 -0.001141087
---------
no_of_weights
19
0 0.409543782
1 0.258152306
2 0.181255966
3 0.075224787
4 -0.123869836
5 0.358227044
7 0.025082031
8 0.016197795
9 0.064500168
10 -0.007321466
11 -0.057688758
12 -0.124172732
13 -0.028861290
14 -0.006002487
15 0.001923989
16 0.044921193
17 -0.026812287
18 0.069411740
19 -0.078023285
---------
no_of_weights
19
0 -0.077607624
1 -0.015974699
2 0.177068144
3 -0.061639961
4 0.138084322
5 0.161205903
6 0.037149902
8 -0.018441441
9 -0.043309733
10 -0.018991740
11 0.043931335
12 0.057971895
13 0.052966692
14 0.049316540
15 -0.052825473
16 -0.047157004
17 0.038950343
18 -0.040111817
19 0.041063022
---------
no_of_weights
19
0 0.093075782
1 0.067453943
2 0.092759676
3 0.096178956
4 0.197938532
5 0.264600843
6 -0.108313888
7 0.071568415
9 -0.052184038
10 -0.034233939
11 0.050373856
12 0.057295792
13 0.047691528
14 0.048665814
15 -0.045217656
16 -0.052446317
17 0.036902577
18 -0.049891520
19 0.051625989
---------
no_of_weights
19
0 -0.282060266
1 0.138387725
2 -0.307756245
3 0.142480567
4 0.007193628
5 -0.254186124
6 0.152011424
7 -0.049136791
8 -0.140317038
10 0.007096647
11 0.052596662
12 0.066805609
13 0.070974424
14 0.069080010
15 -0.080842867
16 -0.050976489
17 0.060660776
18 -0.054428395
19 0.070267938
---------
no_of_weights
19
0 0.003929168
1 0.083954342
2 -0.026590055
3 -0.048373863
4 0.102456376
5 -0.258037597
6 0.233237296
7 0.195857465
8 0.041386083
9 0.017900562
11 -0.057376929
12 -0.034608677
13 -0.034745060
14 -0.044946752
15 0.027265023
16 0.035914473
17 -0.047780354
18 0.027841121
19 -0.054071791
---------
no_of_weights
19
0 0.210857630
1 0.077462621
2 0.253181100
3 -0.228060484
4 -0.259052724
5 0.108110122
6 0.229399815
7 -0.135601237
8 0.075649597
9 -0.077414006
10 0.121990427
12 -0.094296329
13 -0.042098850
14 -0.036450759
15 0.023085322
16 0.050452024
17 -0.029461216
18 0.065931484
19 -0.065054633
---------
no_of_weights
19
0 -0.483694196
1 -0.058632635
2 -0.014008825
3 0.166122317
4 -0.088815682
5 0.111688599
6 0.192621067
7 -0.064511068
8 0.021207325
9 -0.066220872
10 -0.013318777
11 0.105657086
13 0.034852702
14 0.028423106
15 0.012156182
16 -0.060408220
17 -0.004879503
18 -0.065862581
19 0.002111425
---------
no_of_weights
19
0 -0.435614765
1 -0.210764796
2 -0.196813628
3 0.037022062
4 0.131749675
5 -0.177623734
6 -0.156743065
7 -0.105589427
8 0.143686235
9 -0.061760768
10 0.011501048
11 0.264566511
12 -0.038261369
14 0.040734004
15 -0.046419222
16 -0.059885669
17 0.071298048
18 -0.080831677
19 0.112116791
---------
no_of_weights
19
0 -0.104148433
1 -0.207164198
2 -0.010627401
3 0.261519253
4 -0.211519226
5 -0.108580895
6 -0.074186966
7 0.229243204
8 -0.113596149
9 0.029647319
10 -0.126729921
11 0.136236459
12 0.284220934
13 0.120953240
15 -0.081094563
16 -0.029552737
17 0.092581347
18 0.019497044
19 0.049820706
---------
no_of_weights
19
0 0.160144821
1 0.017621359
2 0.214455098
3 -0.077683575
4 0.132034183
5 0.294593751
6 0.240207881
7 -0.202605247
8 -0.052768607
9 -0.042914130
10 0.186210811
11 -0.064156115
12 -0.341684252
13 -0.167231128
14 -0.083210915
16 0.054249909
17 -0.096086003
18 -0.001581209
19 -0.062019587
---------
no_of_weights
19
0 -0.028839646
1 -0.122993357
2 -0.051960982
3 0.014354717
4 -0.265688717
5 0.042327207
6 0.202719837
7 -0.097882718
8 -0.131245300
9 -0.095911413
10 -0.093792804
11 -0.078028932
12 -0.201416790
13 -0.241174996
14 0.092634670
15 0.212366492
17 -0.080881648
18 0.063689895
19 -0.081736542
---------
no_of_weights
19
0 -0.281178474
1 0.117309287
2 -0.092542745
3 -0.036221351
4 0.093426146
5 -0.166826114
6 0.032387767
7 -0.144872099
8 -0.011150442
9 -0.015898818
10 -0.246752292
11 0.319198251
12 0.335430145
13 0.016498907
14 0.152740240
15 -0.165302634
16 0.128256246
18 -0.009365787
19 0.055173200
---------
no_of_weights
19
0 0.078256331
1 0.005072240
2 0.332154006
3 0.086581558
4 -0.047934454
5 0.084005430
6 0.250823528
7 -0.015811810
8 0.193235859
9 0.266526878
10 0.146747127
11 -0.074625760
12 0.114723273
13 -0.113508984
14 0.059838459
15 0.073517166
16 -0.118697137
17 0.120071918
19 -0.081021145
---------
no_of_weights
19
0 -0.268655896
1 -0.186523438
2 -0.345482260
3 -0.062309962
4 0.168574974
5 -0.257918954
6 -0.241771623
7 -0.082706414
8 -0.117598295
9 0.026223343
10 -0.021957302
11 0.058579072
12 0.205097243
13 0.079648577
14 0.033801842
15 -0.084939063
16 0.004361009
17 -0.017161308
18 0.105060384
---------
no_of_weights
19
0 0.431227505
1 0.009746213
2 0.054272044
3 -0.195122436
4 -0.187290728
5 0.234379813
6 0.387958467
7 -0.050916608
8 0.029796328
9 0.279010743
10 -0.012425465
11 -0.274012893
12 -0.363204360
13 -0.262904406
14 -0.088591665
15 0.201606005
16 0.220033303
17 -0.185077384
18 0.285804987
---------
</weights>
<neuron>
<bias>
0.082120955
0.019471936
-0.022960732
0.037383951
-0.036194645
-0.014776804
0.035313495
-0.034096062
-0.026723206
0.027480718
0.017246092
0.027436154
0.011761120
-0.019767491
0.028185798
-0.012870644
</bias>
<alpha>
0.052774932
0.024855122
0.038635742
0.019441644
-0.020493967
0.055778820
0.025116809
0.055295434
-0.004646679
0.054763481
0.028157104
-0.018336426
0.080832414
0.043667398
0.086467996
0.048154898
</alpha>
<nweights>
-0.178880602
0.099791035
-0.320615083
-0.246942982
0.148911953
-0.361306518
-1.280834079
-0.625916183
-0.241008416
-0.226733565
-0.216695815
0.256991386
-0.036381416
0.165215150
0.188500404
-0.149671540
-0.078950681
0.170746803
-0.344419867
0.027400009
0.564206123
-0.171318784
-0.001799997
0.071272731
-0.124232091
-0.235487953
0.069885105
0.996473193
0.087411880
-0.514436483
0.035301775
-0.395924419
-0.112648532
-0.226813152
0.245172307
0.360659659
0.045569606
-0.059432704
-0.334997207
-0.865467250
0.198887810
0.641651273
-0.499895424
-0.034852602
-0.705156028
-0.186912328
-1.065771461
-0.179271147
-0.804970562
0.280823648
-0.400557220
0.519780874
0.163287446
-0.173402876
0.678498566
1.089171886
-0.000051238
-0.533994794
-0.246514961
-0.673647523
-1.108659744
0.360005885
-0.623120964
</nweights>
</neuron>
<neuron>
<bias>
0.022428734
-0.005498280
0.002776810
0.009038748
-0.015712570
-0.008809507
0.025646012
-0.005521149
-0.026910326
-0.004565457
0.034100022
0.014773616
0.011547369
-0.009164088
-0.007691822
-0.012165520
</bias>
<alpha>
0.049603369
-0.008222964
-0.001348845
0.006789934
-0.011022688
0.004340271
0.002537689
0.046427965
0.006302663
0.013397743
0.003267885
-0.004018434
0.041390214
-0.013593430
0.044868086
0.057631988
</alpha>
<nweights>
-0.178880602
0.099791035
-0.320615083
-0.246942982
0.148911953
-0.361306518
-1.280834079
-0.644299388
-0.230563059
-0.259205848
-0.242879689
0.272856206
-0.072376534
0.101938285
0.091167584
-0.077519961
-0.202980712
0.071405493
-0.256059498
-0.100994937
0.379538417
-0.196174443
0.015161359
0.038716294
-0.147257254
-0.214470610
0.032818183
0.896927476
-0.023102850
-0.427095085
-0.100826107
-0.501961410
-0.012247877
-0.365413487
0.014990267
0.222132757
0.159100011
-0.228571177
-0.458821625
-0.738345921
0.028759381
0.362755060
-0.429820925
-0.080983244
-0.604945302
-0.108735114
-1.125335813
-0.070837423
-0.622583508
0.172138184
-0.321664840
0.378060997
0.052120473
-0.074838050
0.531391442
0.878973067
-0.088557355
-0.328180254
0.019550839
-0.665034652
-0.884321213
0.104009263
-0.287863493
</nweights>
</neuron>
<neuron>
<bias>
0.011908974
-0.000491174
0.001197135
0.019441428
-0.011118811
-0.006060272
0.035268441
-0.003455866
-0.024800822
-0.002004607
0.027970701
0.009960697
0.008508150
-0.007776433
-0.004913567
-0.012514677
</bias>
<alpha>
0.047909115
0.035269525
0.036046013
-0.009799903
-0.054829825
0.064498253
0.010646829
0.065582298
-0.004934289
0.060744666
-0.018779201
-0.058339741
0.072705582
0.049236130
0.078383476
0.052014548
</alpha>
<nweights>
-0.178880602
0.099791035
-0.320615083
-0.246942982
0.148911953
-0.361306518
-1.280834079
-0.622839808
-0.243560404
-0.223471686
-0.213668540
0.253488362
-0.033682827
0.166273490
0.184196115
-0.147338092
-0.092213385
0.175333664
-0.342832804
0.011522079
0.451730132
-0.208151385
0.021724313
0.015557537
-0.164924428
-0.203633517
0.007114951
0.835637510
0.081221782
-0.515387118
0.007846246
-0.393404901
-0.112470441
-0.258704394
0.050962921
0.331709027
0.056818165
-0.129248127
-0.352128416
-0.846108437
0.122260161
0.369394362
-0.476933986
-0.051431771
-0.674498796
-0.167260677
-1.084240079
-0.145385340
-0.735290051
0.257627815
-0.383879036
0.483675480
0.149473205
-0.153836131
0.639749229
0.963424802
0.003461942
-0.384461373
0.005883204
-0.568412483
-0.949053705
0.118049122
-0.277772605
</nweights>
</neuron>
<neuron>
<bias>
0.010503889
0.007018081
-0.012289459
-0.045402460
0.001232506
0.005445673
-0.054272376
-0.009073576
0.024822893
0.012602047
-0.028592192
-0.002856631
-0.013261211
-0.004976854
0.012191271
0.016029438
</bias>
<alpha>
0.044211164
0.055222932
0.021904044
-0.008896038
-0.076710075
0.047294397
0.016676981
0.049851503
-0.000619456
0.075371243
0.008220021
-0.016581964
0.075672247
0.058216188
0.076802626
0.043872461
</alpha>
<nweights>
-0.178880602
0.099791035
-0.320615083
-0.246942982
0.148911953
-0.361306518
-1.280834079
-0.626051366
-0.240997106
-0.227366880
-0.217206851
0.256740004
-0.037640266
0.164437905
0.193398297
-0.152907908
-0.080768012
0.184591874
-0.349972755
0.023347875
0.474721193
-0.185792431
0.008239468
0.050790973
-0.137492478
-0.222939536
0.046557225
0.938187480
0.093721382
-0.522205532
0.027705722
-0.379251122
-0.121828504
-0.238015011
0.103362814
0.346027166
0.046851426
-0.105114743
-0.334095210
-0.857744455
0.147257611
0.427033931
-0.495486677
-0.040000565
-0.699691236
-0.188072681
-1.068117857
-0.172204837
-0.766463399
0.274936855
-0.395707279
0.504422247
0.167642996
-0.169049054
0.660600722
0.984415352
0.012434716
-0.405895233
-0.051614430
-0.600340128
-0.961987436
0.177689910
-0.351304084
</nweights>
</neuron>
<neuron>
<bias>
-0.042957358
0.047911126
-0.035496123
-0.024172988
0.000601924
-0.009003872
-0.027989184
0.059009224
0.029776322
0.040153060
-0.033590659
0.000832954
-0.002742987
0.002998874
0.045396801
0.011046234
</bias>
<alpha>
0.004860103
-0.000699739
-0.019096958
0.037856460
0.033748858
-0.031032789
0.038076043
0.042850949
0.019814041
-0.032681763
0.029411778
0.042321652
-0.024795670
0.025164476
-0.034238882
0.014453632
</alpha>
<nweights>
-0.178880602
0.099791035
-0.320615083
-0.246942982
0.148911953
-0.361306518
-1.280834079
-0.679214954
-0.205634415
-0.304027468
-0.283675492
0.304114193
-0.119119756
0.038353171
0.052218929
-0.057544198
-0.275510162
0.014455845
-0.223385140
-0.181362212
0.226185843
-0.139070421
-0.025973655
0.108837664
-0.082260683
-0.265886784
0.105025314
0.973429739
-0.097307540
-0.373062044
-0.211499318
-0.599271715
0.059044141
-0.482901782
-0.147171736
0.135187969
0.217740148
-0.361794353
-0.576144040
-0.655590892
-0.111847036
0.200561002
-0.478702217
-0.049921140
-0.674186051
-0.169355452
-1.082174778
-0.143735841
-0.701301575
0.148349434
-0.313069105
0.323753238
0.012808101
-0.056336056
0.469319969
0.732655764
-0.156995475
-0.183917329
0.188576132
-0.766781926
-0.752113461
-0.059934463
-0.135889888
</nweights>
</neuron>
<neuron>
<bias>
-0.012932552
0.003902428
-0.003824311
0.068129122
-0.025837421
-0.025860971
0.069131128
0.021795204
-0.040562678
0.001004413
0.036076091
0.026464691
0.032661263
0.008725143
0.002796844
-0.035727035
</bias>
<alpha>
0.022169834
-0.002596885
0.019329859
-0.004468690
-0.001413047
0.029485447
-0.002288675
0.023369417
-0.002531620
0.015477732
-0.004344900
-0.045220062
0.038809471
0.024461944
0.043277685
0.024727279
</alpha>
<nweights>
-0.178880602
0.099791035
-0.320615083
-0.246942982
0.148911953
-0.361306518
-1.280834079
-0.627853513
-0.240385711
-0.234314293
-0.221551448
0.258927435
-0.045496371
0.137951836
0.121748328
-0.103988498
-0.166641653
0.102059923
-0.285142213
-0.066075869
0.418362796
-0.203052923
0.018032869
0.022915326
-0.160485715
-0.208699778
0.015695734
0.871390224
0.008112530
-0.458420634
-0.060014732
-0.470315069
-0.042992864
-0.327323645
0.083761908
0.251185924
0.129278436
-0.181241959
-0.425392956
-0.767706513
0.073466785
0.450024158
-0.450820774
-0.066477798
-0.634845316
-0.131655112
-1.106850982
-0.102515191
-0.679596186
0.205328777
-0.348145127
0.421525478
0.087530382
-0.106270730
0.574028432
0.929252148
-0.053443860
-0.363524824
-0.072537005
-0.626008093
-0.923388541
0.191891402
-0.403804392
</nweights>
</neuron>
<neuron>
<bias>
-0.011489381
-0.012944820
0.012241051
0.056908954
-0.011584066
-0.013172036
0.062351361
0.008927119
-0.041695535
-0.015858142
0.038337350
0.012724787
0.020834064
0.019157853
-0.016208902
-0.025759846
</bias>
<alpha>
0.056247249
0.036794357
0.046010707
0.017710472
-0.043504082
0.080812216
0.029165410
0.070472866
-0.004404054
0.061928585
0.025695698
-0.050502412
0.076247342
0.076971591
0.079524726
0.056806263
</alpha>
<nweights>
-0.178880602
0.099791035
-0.320615083
-0.246942982
0.148911953
-0.361306518
-1.280834079
-0.623366177
-0.243105844
-0.224736899
-0.214211255
0.254660010
-0.034909151
0.168650866
0.196535394
-0.156030983
-0.075052008
0.188398108
-0.352969229
0.029606016
0.498527139
-0.186100274
0.008383338
0.051552426
-0.137292251
-0.223256260
0.047351424
0.938975215
0.096794367
-0.525252521
0.035498753
-0.374652356
-0.124743819
-0.229283884
0.132198289
0.354550749
0.041420009
-0.088529095
-0.322897166
-0.865863144
0.165098056
0.457792282
-0.496417850
-0.038167130
-0.700614929
-0.188951269
-1.066673994
-0.173152626
-0.777629018
0.277781844
-0.398738742
0.509209037
0.170865744
-0.171811447
0.665774465
1.007279992
0.007247301
-0.431428850
-0.083334334
-0.614015758
-0.991125226
0.203356117
-0.380490363
</nweights>
</neuron>
<neuron>
<bias>
-0.047672559
0.040252145
-0.039809864
-0.037182730
-0.027776936
-0.030340880
-0.036696862
0.046730708
0.026921593
0.040508188
-0.031113733
0.028515745
0.025181875
-0.001676687
0.041990913
-0.020957883
</bias>
<alpha>
0.014956859
-0.001618096
-0.005663649
0.006775415
0.007472591
-0.015249585
0.006561640
-0.005705837
0.005345176
-0.004632312
0.008182540
0.053868786
0.006374669
0.008869184
-0.009341941
0.007204558
</alpha>
<nweights>
-0.178880602
0.099791035
-0.320615083
-0.246942982
0.148911953
-0.361306518
-1.280834079
-0.640936673
-0.232452452
-0.254710466
-0.238427460
0.269325048
-0.068469219
0.076505713
0.095844261
-0.090050489
-0.223633930
0.063680090
-0.264161021
-0.129094288
0.256541014
-0.183722362
0.007365735
0.055844571
-0.132804364
-0.224330544
0.051692665
0.944239199
-0.053866293
-0.421892434
-0.180868641
-0.562100828
0.010717114
-0.455893666
-0.145177111
0.178921983
0.168839455
-0.330243140
-0.538134158
-0.703867972
-0.083730944
0.202790812
-0.453763694
-0.065219216
-0.636894882
-0.137474716
-1.103800654
-0.103840686
-0.648131192
0.182887554
-0.336380750
0.369638801
0.054103669
-0.087782480
0.516738534
0.773921013
-0.127223969
-0.215457782
0.184841394
-0.761116803
-0.800055742
-0.056936949
-0.142247453
</nweights>
</neuron>
<neuron>
<bias>
-0.031591255
0.030797074
-0.035035975
-0.033133019
-0.029953316
-0.031333156
-0.031274278
0.041210487
0.018487027
0.034004308
-0.023173671
0.030525373
0.028076593
-0.000481721
0.033267912
-0.024450477
</bias>
<alpha>
0.027305372
-0.002074151
-0.012248703
0.011288316
0.011935256
-0.028456636
0.010987012
0.001904996
0.010928559
-0.008109607
0.011502055
0.059915427
-0.005129545
0.022111282
-0.012024563
0.006776078
</alpha>
<nweights>
-0.178880602
0.099791035
-0.320615083
-0.246942982
0.148911953
-0.361306518
-1.280834079
-0.648303270
-0.227723151
-0.265050828
-0.247096881
0.275655597
-0.079687528
0.058534216
0.085013807
-0.082438692
-0.235257432
0.053383749
-0.254821867
-0.141595334
0.239721820
-0.172640622
0.000022467
0.069847159
-0.120551504
-0.233864754
0.066577427
0.962354243
-0.075190172
-0.402424335
-0.195482224
-0.577468216
0.031311635
-0.470087469
-0.154148936
0.157639071
0.188615754
-0.344690025
-0.553261280
-0.683578312
-0.098512262
0.191530898
-0.458650887
-0.062454212
-0.645032644
-0.143949836
-1.099817157
-0.112810083
-0.667573452
0.175609156
-0.331505358
0.361445069
0.047201585
-0.081512734
0.507686138
0.757457376
-0.142533869
-0.190132499
0.196269721
-0.771291077
-0.775759697
-0.069904812
-0.128756136
</nweights>
</neuron>
<neuron>
<bias>
0.026544923
-0.052617978
0.035739571
0.016004734
-0.015765935
-0.002802224
0.024318419
-0.059500996
-0.035006635
-0.042144064
0.036346234
0.010193218
0.015436482
-0.008643965
-0.050165080
-0.025114894
</bias>
<alpha>
0.009161599
-0.003926329
-0.022827100
0.038481425
0.045589898
-0.037589919
0.036158931
-0.015269159
0.032511950
-0.031831197
0.035966404
0.020664640
-0.018479571
0.040805899
-0.053681996
0.039276320
</alpha>
<nweights>
-0.178880602
0.099791035
-0.320615083
-0.246942982
0.148911953
-0.361306518
-1.280834079
-0.679331779
-0.205457851
-0.305160761
-0.284460217
0.304663301
-0.120577067
0.033716582
0.054192029
-0.059735861
-0.276678771
0.015209958
-0.224666387
-0.183382347
0.213029593
-0.135766536
-0.029241784
0.112720147
-0.078560509
-0.269783109
0.108932793
0.979546368
-0.099530272
-0.372419477
-0.222394347
-0.605850160
0.063624211
-0.495494783
-0.176862091
0.132987246
0.218315482
-0.373292267
-0.582777321
-0.650651872
-0.125278845
0.167094275
-0.486453027
-0.044245519
-0.683603883
-0.178609923
-1.074931026
-0.153196737
-0.704170167
0.159004882
-0.321415454
0.333964646
0.024045069
-0.065779403
0.479046702
0.724913895
-0.165705144
-0.171948120
0.230871767
-0.785677135
-0.788243830
-0.094003320
-0.094788603
</nweights>
</neuron>
<neuron>
<bias>
-0.075160041
0.054812793
-0.066129923
-0.062183831
-0.078564502
-0.079537310
-0.051604606
0.077765793
0.026414329
0.061681625
-0.029845439
0.078563787
0.078455761
-0.008961854
0.058372796
-0.075360760
</bias>
<alpha>
0.020777037
0.008647512
0.005789205
-0.007196801
-0.014229533
0.014082185
-0.004941787
0.052062288
-0.001467279
0.020201489
-0.008840755
-0.006492660
0.048926082
0.009200335
0.038399540
0.032153342
</alpha>
<nweights>
-0.178880602
0.099791035
-0.320615083
-0.246942982
0.148911953
-0.361306518
-1.280834079
-0.630796373
-0.238275990
-0.235602841
-0.223442405
0.260585934
-0.047148444
0.134986892
0.125150189
-0.107073866
-0.176294178
0.102248304
-0.288971841
-0.077280216
0.368187338
-0.196148828
0.014154147
0.033333663
-0.150753900
-0.214080349
0.026859131
0.883415163
0.009349043
-0.462294549
-0.094233975
-0.486780673
-0.044762690
-0.363424987
0.011742202
0.249620527
0.122614339
-0.236920282
-0.456642628
-0.766371906
0.015421375
0.369950235
-0.455005705
-0.064274199
-0.638276517
-0.138547793
-1.103094816
-0.105590492
-0.654192448
0.207498103
-0.350647837
0.409350485
0.086115547
-0.108750343
0.560239077
0.874768496
-0.061227810
-0.333774030
0.019462930
-0.673547685
-0.896638870
0.093943268
-0.324468493
</nweights>
</neuron>
<neuron>
<bias>
-0.051641930
0.055723570
-0.011056203
0.004843289
0.028669277
0.016897498
-0.000769212
0.071641348
0.019545684
0.020532124
-0.018119479
-0.028676642
-0.030148355
-0.000230666
0.032817863
0.036347456
</bias>
<alpha>
0.014777405
0.030766945
-0.036776584
0.063881435
0.063438922
-0.062463697
0.063412882
0.063814737
0.047287263
-0.029136607
0.065963879
0.049059775
0.013997640
0.053372689
-0.068240866
0.025253471
</alpha>
<nweights>
-0.178880602
0.099791035
-0.320615083
-0.246942982
0.148911953
-0.361306518
-1.280834079
-0.717852771
-0.177697882
-0.349448949
-0.326395243
0.338357538
-0.165635169
-0.013752364
0.030060690
-0.047425833
-0.313173115
-0.015459455
-0.206170768
-0.222892001
0.143620566
-0.100706823
-0.051390264
0.157127723
-0.038439423
-0.298548639
0.155417800
1.037575722
-0.162432328
-0.319501102
-0.263447970
-0.655437589
0.118796475
-0.533211827
-0.162026793
0.069488503
0.271399915
-0.414051056
-0.632343948
-0.594907343
-0.162571058
0.183828771
-0.500593603
-0.036537502
-0.705612183
-0.196489275
-1.064413428
-0.176775560
-0.754804969
0.123268023
-0.297544003
0.287333518
-0.018188965
-0.034800131
0.430420637
0.669235766
-0.195842758
-0.084368862
0.175468192
-0.790050507
-0.828592241
-0.061300188
-0.133377045
</nweights>
</neuron>
<neuron>
<bias>
0.018261142
-0.004793831
0.001339206
-0.062396389
0.020071821
0.024215702
-0.073988616
-0.025641341
0.031897757
0.001250600
-0.038839106
-0.022272997
-0.033286173
-0.002559289
-0.001525760
0.035528157
</bias>
<alpha>
0.029910613
0.056334745
0.026491234
0.003167954
-0.073627003
0.047455393
0.023259673
0.051209409
-0.000439621
0.071321644
0.028334651
0.005876812
0.072038770
0.059790652
0.069024131
0.024689663
</alpha>
<nweights>
-0.178880602
0.099791035
-0.320615083
-0.246942982
0.148911953
-0.361306518
-1.280834079
-0.622954249
-0.243083999
-0.223850965
-0.214359581
0.254438937
-0.033595916
0.177143335
0.199040622
-0.159787133
-0.077606611
0.186490804
-0.356109738
0.026328824
0.486431390
-0.169696778
-0.001328499
0.075878464
-0.117638245
-0.236973405
0.073766828
0.980189502
0.099956378
-0.530813515
0.030054431
-0.378723323
-0.129317448
-0.234798774
0.136913672
0.349487305
0.041323017
-0.101127639
-0.335408777
-0.863271594
0.153640479
0.476528049
-0.507171094
-0.030711275
-0.712591946
-0.199344471
-1.057015061
-0.185124993
-0.772380352
0.286053777
-0.407290131
0.513732433
0.175411925
-0.180905700
0.669536412
0.995504141
0.003663412
-0.420813024
-0.101218916
-0.666493475
-0.977793992
0.220159009
-0.421966851
</nweights>
</neuron>
<neuron>
<bias>
0.011746692
0.013931471
-0.013910218
-0.049295865
0.010950270
0.011819551
-0.059148576
-0.008778176
0.038387947
0.017023291
-0.038145199
-0.011418484
-0.020317512
-0.018450715
0.017651165
0.024058128
</bias>
<alpha>
0.043008585
0.061204869
0.025311911
-0.012875057
-0.080661342
0.049839545
0.015745727
0.050746351
-0.000575155
0.079783253
0.003174064
-0.013076438
0.078562908
0.056186609
0.077907398
0.043346249
</alpha>
<nweights>
-0.178880602
0.099791035
-0.320615083
-0.246942982
0.148911953
-0.361306518
-1.280834079
-0.622548401
-0.243305206
-0.223278418
-0.213524580
0.254267365
-0.033073355
0.177658707
0.202600405
-0.161911845
-0.076574415
0.190658152
-0.358237684
0.026955113
0.471499085
-0.186311111
0.008604195
0.050877567
-0.137691915
-0.222882792
0.046640787
0.933273733
0.102635466
-0.533330023
0.029540133
-0.374641359
-0.130780295
-0.236998513
0.093914680
0.352129608
0.036380440
-0.106301904
-0.332752496
-0.865619600
0.145278454
0.416168422
-0.500217557
-0.036324687
-0.702900231
-0.191771656
-1.064257264
-0.175400794
-0.767891943
0.282844782
-0.403367460
0.507460237
0.172393918
-0.175922275
0.663115561
0.982224703
0.004355779
-0.400332719
-0.044994179
-0.599994838
-0.961504817
0.166237071
-0.339687377
</nweights>
</neuron>
<neuron>
<bias>
-0.022855617
0.020104278
-0.024858506
-0.034935296
-0.020074505
-0.022604037
-0.035936605
0.023814041
0.018239120
0.024001097
-0.022288349
0.020959992
0.019763937
-0.002917698
0.022497434
-0.016214529
</bias>
<alpha>
0.039177455
0.013296789
-0.012088667
-0.013433351
-0.023255462
-0.017472019
-0.010467390
0.066247940
0.002640193
0.026638672
-0.019792825
0.009075863
0.053261381
-0.018709585
0.053641226
0.031624053
</alpha>
<nweights>
-0.178880602
0.099791035
-0.320615083
-0.246942982
0.148911953
-0.361306518
-1.280834079
-0.636013210
-0.235167310
-0.243689388
-0.229878217
0.265017629
-0.056048010
0.111629196
0.104872763
-0.092925727
-0.196911365
0.082490578
-0.270626366
-0.098382369
0.357658118
-0.197510988
0.014764872
0.030044133
-0.153172374
-0.213011146
0.023237105
0.872931182
-0.019870333
-0.437393725
-0.108333468
-0.504970491
-0.016355081
-0.376677632
0.019423056
0.218769386
0.152084753
-0.243457824
-0.469586313
-0.734666348
0.010917297
0.385043830
-0.445423335
-0.070033066
-0.623902917
-0.126588359
-1.111285567
-0.090285040
-0.631452680
0.186699361
-0.335994869
0.387852103
0.065598942
-0.090051189
0.538137555
0.865238965
-0.079679005
-0.310670704
-0.000324682
-0.670151949
-0.863731086
0.125383213
-0.342628568
</nweights>
</neuron>
<neuron>
<bias>
0.024697646
-0.026558217
0.025553767
0.049519241
0.005459929
0.012172878
0.055475354
-0.020352477
-0.034290679
-0.027534075
0.035396464
-0.006820757
-0.005311253
0.015218561
-0.027242538
0.000862450
</bias>
<alpha>
0.067279726
-0.016042197
0.022916818
-0.002777311
0.011068549
0.041212901
-0.015126630
0.060844384
-0.003564538
-0.007068032
-0.021276191
-0.041316573
0.022250991
0.033778645
0.028877662
0.069798619
</alpha>
<nweights>
-0.178880602
0.099791035
-0.320615083
-0.246942982
0.148911953
-0.361306518
-1.280834079
-0.630193472
-0.238857359
-0.236321196
-0.223624200
0.260363668
-0.047778998
0.130408168
0.118512571
-0.101785958
-0.175948620
0.098388098
-0.282295048
-0.075024433
0.399511635
-0.203498587
0.018276613
0.021779902
-0.160324544
-0.208121076
0.014036236
0.847093940
0.002649744
-0.454116255
-0.076946706
-0.478811800
-0.037183706
-0.343552768
0.054173227
0.245244518
0.132999033
-0.204892159
-0.437222689
-0.759616196
0.051180542
0.418270767
-0.449070990
-0.067445248
-0.630228877
-0.130882189
-1.108104944
-0.098214194
-0.661127746
0.200033531
-0.344504863
0.408392400
0.081086583
-0.101597331
0.560730159
0.906463742
-0.057048544
-0.349188238
-0.032330189
-0.640222549
-0.905571938
0.158257246
-0.366215914
</nweights>
</neuron>
<neuron>
<bias>
0.017752497
-0.032024741
0.033433899
0.041488662
0.003117111
0.004874988
0.045687437
-0.023662541
-0.029489586
-0.035467077
0.035581365
-0.004472147
0.006294689
0.002280827
-0.036880910
-0.016229665
</bias>
<alpha>
0.033694413
0.040085591
0.028761232
-0.035104286
-0.038122833
0.037758030
-0.020992100
0.006752517
-0.005263634
0.038298614
-0.039574198
-0.034532622
0.025163582
0.025795592
0.020571589
0.045120869
</alpha>
<nweights>
-0.178880602
0.099791035
-0.320615083
-0.246942982
0.148911953
-0.361306518
-1.280834079
-0.614117682
-0.248199657
-0.210824355
-0.202856004
0.246513575
-0.020259049
0.183539286
0.179967001
-0.154442057
-0.122718550
0.157966673
-0.341926694
-0.025518188
0.371366799
-0.224492580
0.031779122
-0.007099720
-0.185098737
-0.189577281
-0.016596181
0.818711996
0.059394184
-0.517288208
-0.054465119
-0.438149631
-0.096663482
-0.328825742
-0.028161010
0.290365577
0.069938958
-0.209185228
-0.417745024
-0.811365426
0.037435170
0.318778962
-0.481350243
-0.047850464
-0.675872982
-0.170924246
-1.079536438
-0.145518601
-0.703101754
0.259104311
-0.393508047
0.462284148
0.139962390
-0.157822043
0.612101734
0.883364379
-0.012851703
-0.313175201
0.068020761
-0.625024557
-0.880146086
0.060337432
-0.257768780
</nweights>
</neuron>
<neuron>
<bias>
-0.016541913
0.016271025
-0.018517125
-0.034049038
-0.010801086
-0.013721864
-0.035767764
0.016798446
0.017931653
0.018924054
-0.022318797
0.011526000
0.010728270
-0.002814091
0.017123748
-0.007226917
</bias>
<alpha>
0.060994472
0.013079504
-0.017769305
-0.013026134
-0.029702939
-0.020895924
-0.009262661
0.054244645
0.004999684
0.033220593
-0.012333577
0.015463527
0.062893674
-0.015056517
0.064824693
0.063128233
</alpha>
<nweights>
-0.178880602
0.099791035
-0.320615083
-0.246942982
0.148911953
-0.361306518
-1.280834079
-0.640480518
-0.232637644
-0.250038922
-0.235192269
0.268716633
-0.062901951
0.105863161
0.097295299
-0.084080599
-0.197953984
0.077136345
-0.262192696
-0.097075351
0.395245790
-0.204538271
0.018762933
0.019176124
-0.162330315
-0.207119599
0.011522938
0.860368252
-0.019492630
-0.431079835
-0.095941536
-0.499940544
-0.013842997
-0.360641599
0.077556305
0.226356134
0.155359432
-0.220725000
-0.455782890
-0.738408148
0.037734631
0.445435524
-0.435676992
-0.077425234
-0.614657223
-0.116256431
-1.120496392
-0.081584230
-0.649735928
0.180613443
-0.327475041
0.390517443
0.062782720
-0.082555406
0.543744862
0.908556461
-0.082147062
-0.352611423
-0.064019337
-0.669199586
-0.908462048
0.184018075
-0.408363461
</nweights>
</neuron>
<neuron>
<bias>
0.026692083
-0.034502145
0.021214534
0.021793623
-0.018291911
-0.014545872
0.033906844
-0.020669665
-0.041608710
-0.028144538
0.044768482
0.016417477
0.023603937
-0.005865683
-0.036692541
-0.030615872
</bias>
<alpha>
0.020457918
0.030835222
0.021262776
-0.023950148
-0.031029429
0.032793865
-0.016574066
0.015409786
-0.003287079
0.040062662
-0.030277586
-0.033047926
0.036818642
0.014422819
0.030285737
0.049963832
</alpha>
<nweights>
-0.178880602
0.099791035
-0.320615083
-0.246942982
0.148911953
-0.361306518
-1.280834079
-0.618729293
-0.245522931
-0.220020100
-0.210119158
0.251425922
-0.030153548
0.172593474
0.162294611
-0.135161698
-0.140974045
0.138990462
-0.320682973
-0.042623796
0.376891792
-0.213971406
0.025272705
0.011266929
-0.169840723
-0.200254843
0.002908531
0.834320724
0.053946048
-0.503346324
-0.068323210
-0.450413108
-0.082640946
-0.342138499
-0.024181912
0.291736096
0.079305708
-0.219045505
-0.424671143
-0.803103566
0.027283391
0.317145139
-0.462350368
-0.060417119
-0.651144266
-0.148899853
-1.096330404
-0.119785093
-0.679773629
0.238303840
-0.372708768
0.441893369
0.118559450
-0.134611040
0.592810452
0.888662159
-0.038267545
-0.335380018
0.079235859
-0.642574668
-0.900978565
0.048731256
-0.251745611
</nweights>
</neuron>
<neuron>
<bias>
0.037598763
-0.021495691
0.017026301
-0.001187214
0.019544929
0.024482034
-0.007733284
-0.031259142
-0.000459636
-0.017543972
-0.003811636
-0.020915166
-0.025828650
0.009750430
-0.018149313
0.025918191
</bias>
<alpha>
0.040937368
0.039407033
0.023010490
-0.015324177
-0.054657243
0.048012905
0.004443512
0.048652399
-0.001378161
0.052994136
-0.007650289
-0.046229776
0.055120260
0.050859597
0.055044271
0.037500136
</alpha>
<nweights>
-0.178880602
0.099791035
-0.320615083
-0.246942982
0.148911953
-0.361306518
-1.280834079
-0.626947761
-0.240193188
-0.226350784
-0.216157332
0.257476360
-0.036904514
0.162464783
0.180029526
-0.143937781
-0.100313038
0.170676947
-0.337693363
0.001421080
0.439575166
-0.193345472
0.012111131
0.036120467
-0.148776427
-0.216739103
0.030241739
0.899047792
0.075375728
-0.509300172
-0.000911731
-0.399126202
-0.103639334
-0.269584894
0.063801125
0.323870957
0.063357264
-0.141255960
-0.361202240
-0.834964275
0.108971469
0.390325695
-0.485539109
-0.046162270
-0.685313880
-0.177159086
-1.076823592
-0.156380296
-0.739479840
0.261185706
-0.386193275
0.484665811
0.153290629
-0.156119004
0.638698816
0.951241493
0.005938644
-0.379018545
-0.009267416
-0.572234333
-0.934945583
0.135361403
-0.316899002
</nweights>
</neuron>
<neuron>
<bias>
-0.012859523
0.025527159
-0.014525381
-0.019466098
0.003260831
0.005298097
-0.026617821
0.010616594
0.036480304
0.022485061
-0.036456205
-0.001329787
-0.008015053
-0.042800047
0.025454920
0.012534081
</bias>
<alpha>
0.104683146
0.060680546
0.094977632
-0.055721782
-0.053869277
0.085931323
-0.055352341
0.039544247
0.010170683
0.050970189
-0.048066940
-0.064298898
0.039236207
-0.078571841
0.058658727
0.106082588
</alpha>
<nweights>
-0.178880602
0.099791035
-0.320615083
-0.246942982
0.148911953
-0.361306518
-1.280834079
-0.525373816
-0.323595464
-0.124985635
-0.120461859
0.160207361
0.066427611
0.247704998
0.263769448
-0.249175757
-0.059741862
0.223122805
-0.429252386
0.035626184
0.369311750
-0.336225003
0.140227377
-0.101744018
-0.283387631
-0.076862291
-0.108289942
0.799441218
0.127648115
-0.606275737
-0.021859169
-0.393415689
-0.169270247
-0.303850681
-0.151106313
0.346321553
-0.010870249
-0.197518453
-0.389334679
-0.871594548
0.038869463
0.143526733
-0.390318155
-0.111687988
-0.546392918
-0.053878445
-1.160494924
-0.009771435
-0.533797026
0.304713666
-0.433752358
0.513031244
0.179036558
-0.201859981
0.668080509
0.972435236
-0.102353096
-0.273655593
0.226346403
-0.636365831
-0.925985456
-0.082340486
-0.016688274
</nweights>
</neuron>
<end>
